  -1.0809803194520495     
  0.60550542267302965     
   1.0848825983018187     
  0.92815808299507618     
 -0.60696840842672084     
  -9.3726393650841455E-002
  -9.5350579939648350E-002
 -0.54888485334418113     
  0.53604911709895087     
 -0.47218205524213330     
  0.85307675355699841     
   1.0391661412413962     
   4.1419413339469635E-003
   1.1422611795630504     
   1.3908659657986104     
  0.79877574345231916     
 -0.43764585160670733     
  -1.9266901802536069     
  -1.5747763429181725     
  -2.2465725465714956     
  -2.0140258443437875     
  -1.8683602665976438     
  -1.8617623000081309     
  -2.2514763509736038     
  -2.2845883159951765     
  -2.6865617033176261     
  -2.5804313148763698     
  -2.6509319459610325     
 -0.88649801697601749     
  -6.6352414620245659E-002
 -0.57098398531443884     
  -1.9099648482507123     
  -1.9356130155715032     
  -2.0146946311010576     
  -1.7439746040760065     
  -1.0880714137989724     
  -1.4868482018674130     
  -1.1475067295669241     
  -1.4142165451976441     
  -2.0693033143041641     
  -2.8919314976667345     
  -2.5127007482627768     
  -2.9618623586896433     
  -1.1830247542477241     
   2.7443790407133406E-004
 -0.10403106619728085     
  -2.2659998514470905     
  -2.8441113049927012     
  -3.8128505881153019     
 -0.80662261921990908     
  0.28935677918551628     
 -0.19729011989488704     
  0.21916844468326863     
  0.26774129138806430     
 -0.83216496962982323     
 -0.64369677326247687     
  -1.0017812366542898     
  -2.8520500713498294     
  -3.8976842328824333     
  -5.3138576275140181     
  -3.1261089601003449     
  -3.7983013828499503     
  -4.7531884155820245     
  -3.8288073188719398     
  -5.1219927140532420     
  -3.6923664218059331     
  -1.6064030500943427     
  -3.6269113475412267     
  -2.6700417942446895     
  -2.5430462854417790     
  -3.6650279654108089     
  -3.5041635740587753     
  -3.2875989839156783     
  -2.7977751529037191     
  -4.3976908470062597     
  -8.4222461347931805     
  -8.7457965161700209     
  -8.4363639596449573     
  -7.8558730243381598     
  -5.8806008869507647     
  -6.5954909674362003     
  -5.9714085811659814     
  -4.2571258812363908     
  -4.3265325527150766     
  -3.3130532247578013     
  -3.5819241382239957     
  -4.8622081459739341     
  -5.2408570983445166     
  -4.3277516461846650     
  -4.8726858614423314     
  -8.0019169786655766     
  -8.4300539456187611     
  -8.6906266734220896     
  -10.344521405783320     
  -9.9858724498240701     
  -10.124024208559396     
  -11.636225830119228     
  -11.687770570823492     
  -12.329295412028568     
  -12.369021226565819     
  -12.745218163987790     
  -13.925209120414403     
  -15.008203240310653     
  -15.802844398258175     
  -17.014757596251670     
  -16.547101864594485     
  -18.708116845595235     
  -20.927727638664678     
  -21.654412340187150     
  -21.736053106075143     
  -23.392155418521504     
  -26.901339136996054     
  -26.600202130953836     
  -26.775173276108745     
  -26.119982006577420     
  -25.760100779092614     
  -24.652953706556250     
  -26.259016993700662     
  -28.107903693758612     
  -26.235266239132645     
  -25.838566170041702     
  -25.390974057048393     
  -26.401011199169449     
  -24.781087596305678     
  -24.971580250505955     
  -25.712269434398454     
  -25.771252997651310     
  -24.715602813833748     
  -25.041961837751185     
  -25.102403405460265     
  -23.464552874864065     
  -24.947620881886646     
  -24.934966966502419     
  -25.659301575251583     
  -25.282258510141535     
  -24.872522390003844     
  -24.591108836437812     
  -24.618878288630018     
  -24.290623646706472     
  -23.057584118998918     
  -23.709236422473083     
  -21.620221011294795     
  -21.397411144235978     
  -20.793984342679853     
  -20.575023072277666     
  -22.171886358120304     
  -23.670794820686051     
  -23.637467024228709     
  -23.122442337610742     
  -23.239882523713902     
  -22.677053310755017     
  -22.498618380783881     
  -22.369402037008843     
  -22.519293285805908     
  -22.203437020408604     
  -21.219109155988651     
  -21.362705930010598     
  -20.632582945249670     
  -21.224627427523608     
  -19.672942675774038     
  -20.406079880580311     
  -19.660504380829146     
  -19.694504492233946     
  -19.244583183687965     
  -18.544076380571681     
  -18.661936478930279     
  -20.343596801501370     
  -19.417014559668953     
  -18.727741473322101     
  -18.557141041667393     
  -18.199819610929705     
  -18.955193633311943     
  -19.726530086242715     
  -19.773701162022949     
  -20.747524315408590     
  -22.461857113479816     
  -22.536227789322748     
  -20.471388042553119     
  -20.433410308429419     
  -20.614067086998443     
  -20.842129700617065     
  -21.067677471597360     
  -19.319845037904209     
  -18.487963242475239     
  -19.129113753340924     
  -18.378178930789744     
  -18.440376296097348     
  -17.564175602274744     
  -17.981346128379915     
  -17.074409074232960     
  -17.017598146306160     
  -17.246512909399300     
  -16.731971906802780     
  -17.417357686241751     
  -14.821020401258123     
  -14.412797334252495     
  -14.023822918521228     
  -12.582732762315553     
  -10.477046325666977     
  -11.149012744000549     
  -10.581734245544395     
  -11.648799053829913     
  -11.663082979047367     
  -11.949391434472567     
  -12.135061075521717     
  -12.618059386103589     
  -11.961238576029670     
  -11.623563002371098     
  -9.1802792087727116     
  -10.050794733905335     
  -12.969525294296460     
  -11.987645707931883     
  -14.344087982527101     
  -15.341199518348882     
  -15.990511415064134     
  -15.781022820046980     
  -13.659122205763687     
  -12.643430545978676     
  -12.214445670882569     
  -12.224694465963934     
  -11.221545215500399     
  -10.698069053501909     
  -9.4425245353110618     
  -10.961994697914601     
  -12.117928153145078     
  -14.066366300560361     
  -14.426205829727273     
  -14.139082597101938     
  -14.151908410813258     
  -13.489229596941200     
  -12.423653053317258     
  -12.197585535751042     
  -12.830556469680749     
  -12.485479670412404     
  -13.411423290182439     
  -13.866536639241202     
  -13.355094773520545     
  -12.653063480214364     
  -11.449395614036575     
  -10.886755017537746     
  -11.517309293636682     
  -11.908858131416741     
  -12.465435793097420     
  -12.261793161626567     
  -10.248833597524484     
  -9.2762667518428081     
  -10.020453724421502     
  -10.959512808599328     
  -10.818903496489073     
  -10.165751736463402     
  -7.7036026876610837     
  -7.4133145942544942     
  -7.2060516862898067     
  -7.4362441000437212     
  -6.9653050693065071     
  -6.4744179097434751     
  -6.5098206676845889     
  -7.0691909035864686     
  -7.8662436388035362     
  -7.0774768799725827     
  -4.6605159461102481     
  -5.3887601517234067     
  -5.5993914744408659     
  -6.2169417789850057     
  -5.0728656121746578     
  -3.9914019866753065     
  -4.4992018034483863     
  -3.8742624266099024     
  -4.4642906794017749     
  -4.5170331788903910     
  -4.1066250958539303     
  -3.4128808255537786     
  -3.0164486713171450     
  -1.7214635082101433     
  -2.3872854269412525     
  -1.6802163685959246     
 -0.94845264878470592     
  -1.2124129629184148     
  -1.0381156725264766     
  -1.2790896529499651     
  0.14004015411359738     
  0.58022386096571132     
  0.89137606100104350     
  -1.1187132793786327     
 -0.14483338063862172     
  0.88682170450392706     
   1.0228222641569453     
  0.38903723786613720     
  0.88909707754534684     
   1.3227525994650045     
   2.5716843723840923     
   2.1623105368618303     
  0.65952430971912923     
 -0.58591524190455480     
  -1.3876609888568545     
  -1.3929675135339867     
 -0.60918903807263836     
  -1.2667380848560437     
 -0.20904632390806066     
 -0.50529682673098220     
  -7.3416294724270137E-002
  0.98160256811433511     
 -0.34434433305189904     
  -1.1801916817337044     
 -0.89381374558169202     
  -2.2043978145135061     
  -1.7169485730212635     
 -0.82212681009151800     
  -1.8084701889166217     
  -1.3325306224604283     
 -0.10417894917218251     
  0.41847742089053519     
  0.53829569753680873     
   1.1312672136905608     
   2.0712468674782540     
   1.8003995061704954     
   1.9058888483219136     
   2.3894668762129507     
   3.2823929949243658     
   3.1489110284941981     
   2.1433652883609362     
   4.0927081346914509     
   3.4787400418490284     
   3.3766210613054941     
   3.9237703580484817     
   4.4535943553089608     
   5.1995355954548366     
   6.0546939197721610     
   3.8227463963440260     
   4.1712866996827422     
   2.1217161340290844     
   1.5010847362888988     
   1.3457654276756452     
   2.5113457444539251     
   2.9845727455900346     
   2.7769025976057669     
   4.5297559193262158     
   5.2285267952483796     
   4.9367050035019959     
   3.9789469447331687     
   3.5336980086592975     
   3.8946920783551988     
   5.1131305294328886     
   3.6791798516262721     
   2.7120515565475012     
   4.5613144477999477     
   4.9569238730433263     
   4.4041641351942786     
   4.1823595899305097     
   5.0965555629280432     
   5.1463043014192671     
   6.0551153600581671     
   5.8727394592172262     
   5.9403740798237097     
   5.2749600915159229     
   5.1301041976333321     
   4.5996365005479483     
   6.3163820432359605     
   7.6644026843868618     
   7.3257999616269229     
   5.3474006236437965     
   5.4864229175309305     
   6.6525889098579629     
   5.7971101666162577     
   5.7165188734200667     
   4.5090193072656772     
   3.3731196785623583     
   2.5378113931658071     
   3.1596394853271255     
   3.6636301073507278     
   3.9365808057797578     
   3.7093797481065902     
   4.0765963417769582     
   4.7901585172835954     
   5.1611107230803013     
   3.6936988866348037     
   4.4787765728590365     
   4.7781618181878045     
   3.1004110966448999     
   1.8783395400492247     
   2.8699626706093251     
   4.4599133501803090     
   3.6645800524063219     
   4.3252052152227520     
   4.8274011397190586     
   5.6802704925969900     
   6.1599987548315420     
   5.3094180785497320     
   5.8558724142365666     
   6.4612445979694204     
   7.0891380623517213     
   6.8294529893903499     
   6.3190288875765512     
   6.3295349735036588     
   5.7718930566206241     
   5.7873293354893978     
   5.9928604273568897     
   6.6684216043161628     
   4.7210002679438183     
   5.2780582330727306     
   4.6569760921212877     
   3.4915636891552007     
   5.4179036520624164     
   3.7813422023953827     
   3.1911194957736329     
   4.5033030493873625     
   3.7276064679862326     
   5.3461723295858850     
   5.2896728204030499     
   6.4640298919868027     
   6.3799577483015844     
   5.8207415672117406     
   6.3538311409839157     
   7.7884348812919999     
   7.1300217919073958     
   8.3114131534777833     
   6.6246311186132933     
   8.3668273291508299     
   8.4692325342911747     
   7.7425630710044411     
   8.2476819608939067     
   9.3371303769810350     
   10.160891522954582     
   9.3027979812567096     
   9.5490884777000264     
   9.7681973633392314     
   10.204338643237371     
   9.8259384260419189     
   10.176971742162587     
   10.499569608243400     
   11.312238698836467     
   11.181658118572873     
   10.219476554084579     
   10.579221950109361     
   10.446635672113613     
   9.0759838171709113     
   8.7568817271214030     
   8.0855895322218991     
   10.989505136855589     
   10.627534421422876     
   10.525562996818902     
   10.860506783160165     
   10.574953893148832     
   10.461386700572213     
   11.846166808082819     
   14.413019306700274     
   13.625503214153465     
   13.146407166751004     
   12.781914415894079     
   11.377601059052328     
   10.111062622324479     
   10.506108770212032     
   11.494306118525303     
   11.247112195504922     
   10.203096203327251     
   11.387638918421358     
   12.267933342524167     
   13.114718486747091     
   13.251582969987588     
   13.470943350431634     
   13.906732096111925     
   13.655534015022527     
   13.229202001849526     
   14.338085997243992     
   15.206265962399261     
   13.915255435039882     
   13.978710330559453     
   14.524555032936568     
   14.509629723708455     
   15.250316915589540     
   14.583015985787377     
   14.309335978784228     
   14.998527584443659     
   13.608346281195779     
   14.615196254689488     
   13.566606654450517     
   12.104165269295068     
   12.638393522586275     
   14.679254544117816     
   15.146645987206917     
   14.454077197176789     
   13.835421811248917     
   14.016084672744997     
   13.926586239158530     
   14.613337831852723     
   14.203385716832404     
   14.049025089349348     
   14.009932491146460     
   13.110478817821555     
   12.450642213812460     
   13.036740503054633     
   12.117937556300891     
   11.531092407041159     
   10.514308871225150     
   10.011261813083404     
   9.1254863505062289     
   9.4144215580862092     
   9.8226021040633036     
   10.058897320936055     
   10.082480298544752     
   9.0536555218938179     
   8.5836244744598229     
   9.6894449567747500     
   11.102919295910027     
   10.697741007278244     
   11.327948142829841     
   10.883777754836393     
   10.815914695356328     
   11.845925543280712     
   10.967076052469011     
   11.558684091780197     
   12.878464979623306     
   12.002250277357133     
   12.778771472969703     
   13.339930024521697     
   12.696819550844626     
   11.246046461789648     
   11.181880133177993     
   11.010688655635709     
   11.457242267773726     
   10.889195439993429     
   13.079630166711892     
   12.530040641728585     
   14.128900150225039     
   12.807472656779678     
   12.540539692985508     
   12.354136922939512     
   11.912846075990066     
   11.143700788793918     
   12.200983507652447     
   11.764407449432838     
   13.172061749489346     
   10.709168693165065     
   11.335280448310501     
   12.379917378759240     
   11.723495595216635     
   12.447774928454763     
   11.956817725300089     
   10.385338094387642     
   10.580653115857446     
   9.6769113909847562     
   9.1370637523039893     
   9.4377308033461933     
   9.0993824004429360     
   11.317372433917351     
   10.484644335687410     
   9.8648394192189848     
   8.9358396319213522     
   9.4962279943358201     
   9.4409829263763090     
   8.2393760034807642     
   7.3842576511589044     
   7.3672896978684994     
   8.9220773059645193     
   7.5864891067953266     
   9.3392037383654909     
   8.5088947526554826     
   9.0567507173348201     
   9.2751857580379014     
   9.2931716093682191     
   8.5597572529529398     
   9.3274297464948255     
   9.3240750079050425     
   9.6146533710106112     
   8.5074426419659979     
   7.8080527716264232     
   6.9787334760971955     
   5.1934351523887781     
   7.7222847756681787     
   8.2527454030978404     
   7.5286438597873735     
   8.2189805849548314     
   8.3256424579592778     
   7.9192098396798425     
   6.1769759755431135     
   6.4167569488655971     
   6.5344525580454604     
   5.7799339251774198     
   5.6111747609031744     
   6.0486305418353430     
   4.7939956557067145     
   4.1759146902336779     
   4.7713363610770401     
   4.0452841185290884     
   1.4831920931874061     
   1.7935473223708334     
   1.8935908312961638     
   3.0103395598854581     
   3.2516834502790353     
   3.5533709629977839     
   3.3787553423481516     
   3.9052833809154635     
   4.8643630119510508     
   3.0658069610387146     
   2.7713907713374830     
   2.6027942627970937     
   2.9689687175022486     
   3.9272528643298936     
   5.1167357903779331     
   4.8521853150065137     
   4.2647526452987679     
   2.3259293448181775     
   2.0039545314890548     
   5.6751277242174325E-002
 -0.58706338503929922     
  -1.1326842554201768     
   1.2127471209631731     
  0.92495727046997001     
   1.0215865931971779     
   1.0607097392651759     
   1.1955839396720207     
  0.37967578804772528     
   1.4871236477693157     
  0.92153031106463279     
 -0.87381054855154383     
  -1.1416241243839567     
  -2.5692857936588371     
  -2.4681939993746091     
 -0.47955469522377947     
 -0.37294686884947081     
  0.57614505043218545     
   1.1300723358078819     
   1.0928937214883072     
  0.78468721204776304     
 -0.51388005182664487     
  -9.4302362609197055E-002
  0.31229108700003916     
  -1.2057880930198013     
  -1.3528354547432242     
 -0.72998022125775464     
  -1.4877060099406476     
  -3.4140314836072809     
  -4.1260173730315151     
  -3.7335128592297693     
  -3.9129887193678550     
  -2.8578289069519314     
  -2.0303298429418080     
 -0.85717115726119775     
  -1.0096411736626834     
 -0.28257603296823586     
 -0.36616189257283138     
  -2.4699580300341504     
  -4.3370687200961182     
  -6.2043639962246413     
  -7.2929388149973766     
  -8.1475456192414679     
  -7.8590167621563820     
  -8.5443115531904859     
  -10.297223718036085     
  -10.324917754740419     
  -11.345573624431252     
  -10.390871432561438     
  -8.9179772702789890     
  -7.6742253428760501     
  -6.6469907813822893     
  -5.5920080307936111     
  -5.1031733638535730     
  -5.1740409260515330     
  -3.1727577385415455     
  -4.0177506655255266     
  -5.9932940670196011     
  -6.1128927733327831     
  -6.6626301379048360     
  -6.2321742453012909     
  -4.6747310016528889     
  -4.5710213499530363     
  -5.0661701780366135     
  -5.7772051454872839     
  -6.1962065851701329     
  -5.7560074075493475     
  -5.6995247098767718     
  -5.7788844909722208     
  -5.3778750063101644     
  -5.8596558773896064     
  -5.3005310095918565     
  -4.2014475473571560     
  -3.7796706966377225     
  -4.1838246848413343     
  -2.1278031042505745     
  -1.4747080674400255     
  -1.6989728292188693     
  -1.9003965112823262     
  -1.7607505962886849     
  -3.0224884114948449     
  -3.5326623238384922     
  -4.5772548065812675     
  -3.6941951523048342     
  -2.9032797584024839     
  -2.3591986155420188     
  -2.5731188383149064     
  -3.0140929162975780     
  -3.6889105438596159     
  -4.5584556708826893     
  -5.1111502633706936     
  -3.3353662388602978     
  -4.2192300940788821     
  -3.7888348724861673     
  -4.2460278986006657     
  -4.2282781198609802     
  -3.4900150852256324     
  -4.1948238469977301     
  -5.2036357806798019     
  -6.1198057198974354     
  -6.3317213092823392     
  -5.0278342217146088     
  -4.3585682688283471     
  -4.8329728840889992     
  -5.6539515833115495     
  -4.8502186505751546     
  -5.4694408911673706     
  -6.6087780756013563     
  -5.5822045472642898     
  -7.7883408694869702     
  -8.5663893472614134     
  -9.2855212666974989     
  -9.0388148644154320     
  -8.3217749258413409     
  -7.7764421757519084     
  -6.9376748317911838     
  -6.9947397626116867     
  -7.3042083317631690     
  -6.7940584961860138     
  -7.8328625903792748     
  -8.1145489956093346     
  -7.5032350404314290     
  -8.1807192639397321     
  -7.4448691356326426     
  -5.7750849826972228     
  -5.5949968002197865     
  -5.3153700305979870     
  -6.1022433853320779     
  -6.3737140503709355     
  -6.0807274593664982     
  -8.3726110911950169     
  -7.3210104259681730     
  -6.7812014723545158     
  -7.5528449313992887     
  -7.8500714465030956     
  -7.3166200366481728     
  -7.9835608061472207     
  -7.2537125410170304     
  -6.9601833370448949     
  -5.9544833035048255     
  -5.0797966565133530     
  -6.5412120142359278     
  -6.8404942418793659     
  -8.0315306530469979     
  -6.6460460771445371     
  -6.2382113199441509     
  -6.2361137791874954     
  -8.1675096903864066     
  -7.6704620840962079     
  -5.5406388495831296     
  -3.9912427413075209     
  -4.1173580416057467     
  -4.6128129857323144     
  -5.3405606655818971     
  -4.9540814913668392     
  -5.6856143687063856     
  -5.9216905020518702     
  -6.6866360651314105     
  -7.6712948917978583     
  -7.5001834419086499     
  -7.9502068527638334     
  -6.6080492423682928     
  -5.0730079417005314     
  -6.3492128644366730     
  -4.1969070672039077     
  -4.9840172726173231     
  -3.3960676073353877     
  -2.5101631207442128     
  -4.0027317144832475     
  -3.7990530152677140     
  -2.8642280777683302     
  -1.8001937574373990     
 -0.46801675031509360     
   7.9398327565209370E-002
   1.0471479278395890     
   1.9856516095415755     
   2.9395253936593888     
   2.9113126392899429     
   3.5738100694854209     
   3.7488260830677214     
   3.8116196354980580     
   3.4371590356538313     
   1.9523542885064247     
  0.46357927885540229     
   2.8580402740471356E-002
  0.48415249529289223     
   1.4614409634219645     
   2.0513959388086054     
   2.5770629644197731     
   1.0714414466434730     
 -0.17909403804104507     
 -0.10558766324579331     
   1.5922396301322994     
  0.91300854127356468     
   2.0922243614052860     
   2.2478556356141559     
   2.1477637465106008     
   3.6032323726309614     
   4.0747514930489865     
   3.5600166460896050     
   2.4973183225232236     
   2.4143361146919036     
   2.8331616860119575     
   3.6509127204259775     
   4.6100290146287763     
   3.6687491946147466     
   6.6988731112902107     
   6.1898629088596229     
   6.6473369297519849     
   5.7775342485839136     
   7.0750126028314302     
   6.7964325437406705     
   7.4447434382901019     
   9.3318024002615729     
   9.8189298750412988     
   8.8190220875813790     
   8.1205614655712406     
   9.6350804456294981     
   11.944387715719122     
   12.214996980378322     
   12.528273054264806     
   13.297258447513842     
   14.317689403149384     
   13.365400641358679     
   13.468344167476181     
   11.206645997027243     
   11.261047852307472     
   11.460743339926813     
   11.415665157246979     
   12.323337361897128     
   12.363476614865164     
   11.484852591719282     
   12.479339483721313     
   12.252330377984370     
   11.490475662692024     
   11.633013509343971     
   11.651882168749943     
   9.2254976712298991     
   7.7229688841119684     
   10.761129340905519     
   8.3449670266266658     
   7.9518481422302090     
   9.0439245563673225     
   9.3318709929997343     
   9.5474714715033198     
   9.6167435066137212     
   8.1244762315355139     
   8.2968388034623253     
   6.6596178744024215     
   7.8315904833440904     
   8.7831453017528514     
   6.8575047386466537     
   7.4723741755541928     
   6.3377690168513841     
   5.6985991606050526     
   4.9711100199808209     
   4.6969336783323898     
   3.5730081964244844     
   4.4825875481477144     
   3.2559274456002330     
   4.0093198681267603     
   5.2587824473830098     
   6.1466194744356830     
   5.6791641657804828     
   4.9390280144910790     
   4.1513295633954321     
   3.1937051238540866     
   4.7789035962272095     
   5.4092834773362766     
   4.4710654761571389     
   2.8758908468765179     
   5.1859784617069398     
   5.3234439005027712     
   4.4976424830706332     
   4.3164384413335046     
   4.4431337180351944     
   2.2069250774104954     
   1.7804011639130379     
   3.0299054971237642     
   3.5159913929379210     
   3.5996548141717639     
   4.1904941273225402     
   4.7773108745084052     
   4.2985821981486758     
   5.0575440329755272     
   4.9060224870874238     
   5.8947921638586385     
   4.6905673124390992     
   3.8444232338816771     
   2.8926784596086370     
   1.5493649915350776     
   1.4199360625161919     
  0.95337499440011775     
  0.95708697393374975     
   2.9825180453788951     
   2.9479027419736008     
   3.4840419652210874     
   2.3479806502253311     
  0.40763226867585578     
   1.1349479700858889     
   1.7302929117286614     
  0.72999500870929168     
  0.46600681476322037     
   2.1422974351897204     
  0.82038180928909443     
  0.77222753131428867     
  -1.6642132544254395E-002
  -1.4492658576862709     
 -0.23528079292679149     
  0.79091715805763507     
 -0.66308768651850980     
  -9.8798068018688290E-002
  0.58345529083946046     
 -0.48318996561734362     
 -0.21332047789426761     
  0.26041013905979810     
 -0.29255607243137588     
 -0.27348185262520414     
  0.50832119959431910     
   1.1428215925916725     
   3.2636571229244566     
   2.7177430685431823     
   4.3995622875170479     
   3.7969229193930429     
   3.5761993134070007     
   1.9371491669767025     
   3.5180573724485118     
   3.0956960464380412     
   4.1517078246785442     
   4.9252367293096961     
   6.8476764193229815     
   5.8797105784483712     
   6.9371086142184462     
   5.9917681537129797     
   3.6975817472297807     
   4.5486149196496832     
   5.8389621645486098     
   5.9997129671127452     
   6.6575370911385168     
   6.3153350891332245     
   7.4708973523634876     
   8.0590999838611399     
   9.2315671520852405     
   9.5794341369545872     
   8.9950179043205392     
   9.5307543520182598     
   9.6121194339900047     
   11.016378318183834     
   9.9781256149721465     
   11.730871587033102     
   11.684941085865356     
   9.6636021212584104     
   7.2864929620734467     
   6.7741938296165518     
   7.9338060536119803     
   9.3850966879451398     
   9.1666695830273497     
   10.607884339354795     
   10.730787473794186     
   11.216182854246830     
   8.7638229721719973     
   8.2601596711470524     
   8.9110206710912525     
   9.4981194026630416     
   9.6566262212169267     
   9.4872383857169034     
   10.826743010760159     
   10.246931401423417     
   9.4815528106888731     
   9.9248010244917548     
   10.316505628949653     
   10.123033076470527     
   8.8542698873594929     
   8.0245762504169793     
   6.7599573796850621     
   6.9931673864243979     
   7.8820709339578245     
   8.6502617811722331     
   7.6001773039187928     
   8.3083646193776151     
   8.8067736387754358     
   7.8712461663490707     
   7.2246156838395699     
   7.0074290584171468     
   7.3941639149972804     
   8.2190508213117965     
   7.2387235643858405     
   7.8219414105924479     
   6.2700608054338050     
   4.8766594831063523     
   3.7025420339551993     
   2.3070815102734628     
   1.9930793206104147     
   2.5963489732270526     
   2.2380983030893113     
   1.5549996736946499     
   2.3361054473078449     
